1509038160.0 19.6820717005 1.24357632214
1509038166.0 24.6809811919 1.49690751638
1509038172.0 13.328931481 1.51177442353
1509038178.0 2.06686654593 1.5542059055
1509038184.0 1.78419894482 1.48465266433
1509038190.0 358.868947358 1.52410303447
1509038196.0 0.111819695717 1.70599948772
1509038202.0 3.06437051416 1.81465277573
1509038208.0 4.82957966045 1.8444734765
1509038214.0 11.4799572159 1.70995515141
1509038220.0 16.2293177973 1.55048437293
1509038226.0 20.1226586535 1.42072684315
1509038232.0 21.4628599663 1.36801140534
1509038238.0 48.6327107394 1.35118829193
1509038244.0 56.0009906721 1.05491897073
1509038250.0 46.3992501144 0.82974338194
1509038256.0 35.6907333005 1.12186754706
1509038262.0 39.3569284747 1.09703399858
1509038268.0 31.0775125163 1.12283379373
1509038274.0 42.4008600349 1.56806513599
1509038280.0 41.4016046128 1.84403976465
1509038286.0 35.314607739 1.48020612086
1509038292.0 29.3814094129 1.39709587347
1509038298.0 19.6178829564 1.83985914029
1509038304.0 24.1626464732 1.77034472835
1509038310.0 16.5452649762 1.5482190431
1509038316.0 16.6248513973 1.55768313277
1509038322.0 11.9646464419 1.44692036749
1509038328.0 8.95899294409 1.20991356479
1509038334.0 16.00494891 1.2589050578
1509038340.0 21.1928440235 1.4416103206
1509038346.0 10.8425326665 1.25098668782
1509038352.0 15.537145515 1.28664285472
1509038358.0 24.1896921862 1.20985868373
1509038364.0 20.9300846306 1.32897348746
1509038370.0 22.1599149268 1.21789054597
1509038376.0 13.5969091946 0.91738422707
1509038382.0 16.5262444049 1.12428619008
1509038388.0 24.2589669424 1.466079448
1509038394.0 44.0813141988 1.35964791564
1509038400.0 45.0101964546 1.28005322432
1509038406.0 37.7023981553 1.34107766191
1509038412.0 37.2000573278 1.71001533808
1509038418.0 43.7507548422 1.47117735107
1509038424.0 42.124414405 1.50368349569
1509038430.0 44.6587578681 1.33732820508
1509038436.0 42.5483596429 1.01740531225
1509038442.0 31.9471196508 0.765682716365
1509038448.0 27.4243947881 0.686333910711
1509038454.0 28.3376811831 0.925528274875
1509038460.0 29.4533679498 0.841227151703
1509038466.0 27.4508070326 0.873926748513
1509038472.0 37.233022066 0.913762054281
1509038478.0 17.0010887619 1.06280298422
1509038484.0 34.8998499924 1.08913081235
1509038490.0 27.5348135242 1.09484496786
1509038496.0 19.6718462596 1.31047507279
1509038502.0 28.8950054232 1.49962070603
1509038508.0 33.3772303839 1.25652225449
1509038514.0 26.1858909226 1.39561347392
1509038520.0 22.7922949745 1.38048205526
1509038526.0 25.5970528934 1.31909520416
1509038532.0 34.4340311974 1.15521342637
1509038538.0 29.2516005067 1.16159987729
1509038544.0 24.5135910673 1.26864456776
1509038550.0 17.7224710215 1.28056752043
1509038556.0 12.9949770129 1.29266020735
1509038562.0 25.2969043569 1.73673102386
1509038568.0 57.4120337764 1.78264960177
1509038574.0 53.7146576496 1.94622731608
1509038580.0 56.9748255705 2.07284785716
1509038586.0 58.7836029393 2.05819710661
1509038592.0 57.7229700657 1.78733821062
1509038598.0 60.9737452866 1.74650261836
1509038604.0 63.2904302666 1.48266281605
1509038610.0 64.3892067097 1.54644444949
1509038616.0 66.7179274588 1.47764840433
1509038622.0 51.4599400577 1.41294202407
1509038628.0 52.7419594232 1.39018663493
1509038634.0 60.1472097047 1.76544944242
1509038640.0 64.5434166558 1.62061168242
1509038646.0 78.5610378428 1.79191945232
1509038652.0 74.2418155007 1.65818433946
1509038658.0 64.856888622 1.95819838342
1509038664.0 58.7501817702 2.00165125209
1509038670.0 57.9721513465 1.67950503618
1509038676.0 59.3560224119 1.70402920359
1509038682.0 65.7920664622 2.09148260846
1509038688.0 71.4516306009 1.88187354085
1509038694.0 70.7760775488 1.70412809829
1509038700.0 72.1660006931 1.46934041912
1509038706.0 66.6318380267 1.42559881695
1509038712.0 66.1421784976 1.37239424259
1509038718.0 74.1788643695 1.22346115601
1509038724.0 77.1215313755 1.19266092899
1509038730.0 65.7369507334 1.29635023624
1509038736.0 72.8589899877 1.07609903815
1509038742.0 53.7748496814 0.883132111451
1509038748.0 40.2837034222 0.978598375908
1509038754.0 73.7080216061 1.0496443374
1509038760.0 74.5224495251 1.10872169788
1509038766.0 65.3982077381 1.11832830344
1509038772.0 52.9370665551 1.52574059397
1509038778.0 70.2029803801 1.43218415776
1509038784.0 77.7805091354 1.30954383027
1509038790.0 90.5726829266 1.47076491889
1509038796.0 75.8111691581 1.65982806608
1509038802.0 79.4608024306 1.56361180394
1509038808.0 81.4077742428 1.52595642674
1509038814.0 89.385062142 1.40266707135
1509038820.0 90.4125668253 1.23895676897
1509038826.0 90.5898920129 1.17230293355
1509038832.0 93.3769532891 1.28890654015
1509038838.0 86.3368443207 1.24550720977
1509038844.0 78.7709455212 1.39551817616
1509038850.0 81.0545633275 1.322299775
1509038856.0 93.0825839111 1.23369213221
1509038862.0 94.1818181818 1.08272877239
1509038868.0 86.1501044369 1.17996763193
1509038874.0 81.0158343438 1.04921509911
1509038880.0 82.1482709172 0.942338770836
1509038886.0 87.2997227997 0.803307306364
1509038892.0 86.768873316 0.673379354372
1509038898.0 75.5339481091 1.00875301897
1509038904.0 74.8554431023 1.3439246281
1509038910.0 74.2382732283 1.27153136512
1509038916.0 76.5978014138 1.25879917453
1509038922.0 72.3042049707 1.11099750722
1509038928.0 62.6524277671 1.0160486936
1509038934.0 65.9864454586 0.934850640636
1509038940.0 58.3438128252 0.892642271917
1509038946.0 82.1733051598 1.01422266976
1509038952.0 117.339141454 0.810348800922
1509038958.0 128.280314279 1.01416788895
1509038964.0 140.128396208 1.42021736683
1509038970.0 136.494280521 1.39057371862
1509038976.0 127.456446035 1.11422641476
1509038982.0 122.1003784 1.02228218155
1509038988.0 122.706586072 0.883441345057
1509038994.0 139.100256733 0.778311492848
1509039000.0 143.629223305 0.973137115184
1509039006.0 139.239058748 1.21068761225
1509039012.0 101.376393221 1.5325761647
1509039018.0 108.617285439 1.572337282
1509039024.0 115.822033648 1.22249709011
1509039030.0 119.683754562 1.13028232603
1509039036.0 108.644289452 1.03222493227
1509039042.0 101.05677719 0.908305406018
1509039048.0 104.519152438 0.845458668109
1509039054.0 106.628208744 0.755617955642
1509039060.0 112.294248468 0.727857677192
1509039066.0 129.258724976 0.702966199957
1509039072.0 130.64048749 0.723453355793
1509039078.0 138.005954476 0.82134362004
1509039084.0 133.347486775 0.844840678762
1509039090.0 155.287069851 0.959196145753
1509039096.0 138.877645485 0.830077755509
1509039102.0 146.536067558 0.855774446237
1509039108.0 156.0 0.662916373822
1509039114.0 143.426268169 0.752336648285
1509039120.0 122.936417061 1.12869559531
1509039126.0 108.640017635 1.59087077798
1509039132.0 128.913773173 1.59676911439
1509039138.0 127.146462385 1.56423714296
1509039144.0 121.79524015 1.28821128192
1509039150.0 125.9156678 1.64621560575
1509039156.0 104.660723565 1.43773036127
1509039162.0 99.7525071135 1.05907362392
1509039168.0 92.0753159179 0.820232773233
1509039174.0 91.0613852461 0.692260675165
1509039180.0 104.202788815 0.931175578115
1509039186.0 129.392488164 1.51557686395
1509039192.0 129.634002636 1.62713127721
1509039198.0 127.617432832 1.48057230485
1509039204.0 124.764811116 1.29959174774
1509039210.0 115.80418431 1.1179141744
1509039216.0 115.232984656 1.10497884755
1509039222.0 110.496390459 1.08612220804
1509039228.0 106.417237565 1.03866210871
1509039234.0 117.672241949 1.03333384667
1509039240.0 122.372012278 1.14091806386
1509039246.0 113.499960212 1.04201783844
1509039252.0 99.742214703 0.758580427476
1509039258.0 90.961720904 0.702408697149
1509039264.0 106.922099512 0.745307069024
1509039270.0 101.043253543 0.739434519906
1509039276.0 86.3190985583 0.852540639606
1509039282.0 81.4151421259 0.722820220118
1509039288.0 73.3075793277 0.732625232066
1509039294.0 78.8817693939 1.18956008896
1509039300.0 89.9775086808 1.33423505572
1509039306.0 105.629794305 1.19585682193
1509039312.0 116.528454635 1.07979859692
1509039318.0 131.63040626 1.04325716939
1509039324.0 151.850215156 1.04559259274
1509039330.0 151.18357031 1.00235200293
1509039336.0 156.828248178 1.00241654629
1509039342.0 149.327018187 1.20660792536
1509039348.0 130.668272682 1.63974081925
1509039354.0 121.56863159 1.86578642067
